Cluster_Table.ecsv
# %ECSV 1.0
# ---
# datatype:
# - name: source_id
#   datatype: int64
#   description: Unique source identifier (unique within a particular Data Release)
#   meta: !!omap
#   - {ucd: meta.id}
# - name: ra
#   unit: deg
#   datatype: float64
#   description: Right ascension
#   meta: !!omap
#   - {ucd: pos.eq.ra;meta.main}
#   - {utype: Char.SpatialAxis.Coverage.Location.Coord.Position2D.Value2.C1}
# - name: dec
#   unit: deg
#   datatype: float64
#   description: Declination
#   meta: !!omap
#   - {ucd: pos.eq.dec;meta.main}
#   - {utype: Char.SpatialAxis.Coverage.Location.Coord.Position2D.Value2.C2}
# - name: phot_g_mean_mag
#   unit: mag
#   datatype: float32
#   description: G-band mean magnitude
#   meta: !!omap
#   - {ucd: phot.mag;em.opt}
# - name: bp_rp
#   unit: mag
#   datatype: float32
#   description: BP - RP colour
#   meta: !!omap
#   - {ucd: phot.color;em.opt.B;em.opt.R}
# - name: parallax
#   unit: mas
#   datatype: float64
#   description: Parallax
#   meta: !!omap
#   - {ucd: pos.parallax.trig}
# - name: parallax_over_error
#   datatype: float32
#   description: Parallax divided by its standard error
#   meta: !!omap
#   - {ucd: stat.snr;pos.parallax.trig}
# schema: astropy-2.0
source_id ra dec phot_g_mean_mag bp_rp parallax parallax_over_error
[from data line 917]
598903678707639296 132.65041197335998 11.618320192932396 15.931817 1.2123566 1.1288742969554475 26.482346
604916461123940096 132.86096653441743 11.762029515319194 16.731655 1.4555826 1.128767148846049 15.841971
604948862357149184 132.97156563582467 12.058883053659038 13.758011 0.7705841 1.1287080324056935 59.319744
604894913272261632 132.8662181738173 11.582575959164721 14.774575 0.91657925 1.128511691604889 41.966045
604972360122759296 132.79275009161614 12.025423598946663 15.816169 1.1649942 1.1283923415400154 26.796587
604964118080894464 132.65839887499996 11.911299310748314 14.5575485 0.9055023 1.1281807899881124 48.422092
604969203322163840 132.70041475145578 11.913238056840607 13.95246 0.7931795 1.1281623824642129 59.3811
604917453260607488 132.86951967073117 11.800595695400723 13.629351 0.8505039 1.1273424033916668 58.84972
604926494167461376 133.18499571416893 11.817467860791156 15.631971 1.4175091 1.1270508113483457 26.609106
604916529843404928 132.8903009702184 11.771142008723615 17.483412 1.8219032 1.1269149169449653 10.675234
604893676321680128 132.98015305512942 11.592638913347807 13.891024 0.7666836 1.126502588701083 57.962658
604976625025623424 132.6925009647109 12.082218335693861 15.716153 1.1521025 1.1263390880905002 28.481462
604912406674856064 132.69199810714824 11.718959347259792 12.97168 0.7431812 1.1260384683463016 51.728676
604971020092675328 132.70285566126088 12.00252748114649 12.631922 0.7244501 1.1260073740133676 68.85884
604931441969782272 133.15008340015441 11.930657434862093 16.26802 1.3753643 1.1259749572363298 18.476675
604945804340419968 133.11125712778545 11.993298076979768 16.940147 1.6088238 1.1259608312717921 13.857167
604963637044570880 132.6013955105936 11.876713191409133 15.127704 0.9732275 1.125721146989938 39.64102
604921408926071424 132.81427713738063 11.866097750303595 14.823226 0.9218044 1.1256748700986043 39.276684
604922886394970240 132.92811045842987 11.911033335168907 16.897709 1.5723324 1.1255430323898683 13.874255
604913162588927488 132.55058784905737 11.71471606766157 14.953916 0.960207 1.1255264375617482 36.71132
604904057258372736 132.94620384817577 11.708268332778822 15.0919895 0.97578335 1.125514565432455 33.495872
604977552738539776 132.71883452949578 12.149087565248232 15.258637 1.0038767 1.12500794803951 35.79709
604969924876649088 132.7430592409531 11.9707759649278 14.337803 0.8302803 1.124400367500204 52.60574
604947724190083712 132.99190266518517 12.016553873113118 13.63848 0.7633362 1.1239949298108451 67.70482
604963052929005824 132.6772350941831 11.874224322061757 16.429888 1.3703032 1.1238336572976202 18.406113
604921477645534976 132.84137577874628 11.885802295893395 15.07166 0.9893389 1.123585323789394 33.002716
604969787437705216 132.72659575297266 11.941396877125381 12.633916 0.72618484 1.1235082277517145 75.09894
604921821242945536 132.76241987243185 11.873798075192543 14.795678 0.9303322 1.1233936121456085 38.08379
604921748227889152 132.78145534418945 11.865691062059714 14.714022 0.9078007 1.1232532472267727 41.61592
604916048806915200 132.7066343188389 11.8545110932077 15.971808 1.4924746 1.1229013994488715 23.621037
604977071702225280 132.66003698019784 12.122141766313215 13.524892 0.7342062 1.122858137026619 66.82991
604920653012016896 132.83198461278266 11.827529110720974 15.434878 1.0462132 1.122777097574212 30.568121
604931888646374272 133.2141661396387 11.922245976162518 14.614409 0.8829813 1.1226212269969675 36.373924
604917835513456512 132.88576013498908 11.814459418206555 11.031843 0.28442955 1.122584325468417 49.64225
604922817675316096 132.88680874936665 11.895752716701214 14.96619 0.9654255 1.1225773454197885 37.49151
604909726615246336 132.81596566155284 11.67507769691382 14.613161 0.8826666 1.122256470340747 41.46762
604898972017070592 133.07889581697117 11.632256597543584 15.905231 1.1914206 1.1216282025178883 25.123112
604916426764196224 132.88224816424093 11.752436636335808 15.260983 1.0329494 1.121547336557403 33.295834
604911547681374080 132.78060820303236 11.774410307505123 15.154757 0.9954653 1.1214761111562626 32.437458
604893955495305088 132.9625816119537 11.61741274768673 13.153065 0.678442 1.1214490794886283 66.333595
604919725299047424 132.919383365524 11.86854455190609 16.304115 1.6064682 1.12142965270055 18.242886
604921374566321920 132.84058944598144 11.877177636754924 11.133349 0.80954266 1.1213831680840651 18.636395
605000058367154176 132.7860555957405 12.145659005648666 17.05594 1.6412868 1.1211968876546707 13.5629635
604967897652139776 132.49296042052134 11.936333422215165 16.167461 1.3282547 1.1211441113580365 23.59074
604931064012660992 133.16029349552159 11.898936602283255 13.508189 0.7412548 1.120753585624436 56.9601
604899826720145024 133.0392370473044 11.646590377961875 14.867337 0.9441719 1.1207519728350805 39.256668
604948278241425152 132.9141658543413 12.01587038802481 14.43516 0.85645485 1.1206601094958881 49.42727
604913536250548352 132.65908748085454 11.756139997871035 16.767925 1.5409098 1.1202014609928008 14.888868
604918076031623680 132.8802205325404 11.830856999607132 16.10769 1.5357819 1.120125379291177 20.05881
604914846216261504 132.74541789668467 11.805345149327437 13.637011 0.76096916 1.1200940957910757 57.80124
604943772826188544 133.05622237211028 11.953672998265562 17.00741 1.756176 1.1195657758962287 14.091986
604920442558052992 132.96621304842955 11.935768188287447 15.650209 1.3570805 1.1194168399924276 18.32972
604914777496782720 132.75644759317666 11.797265827789168 13.358971 0.7733822 1.1193033052956787 59.09228
604909206923484160 132.7305037700773 11.694378651261758 17.226446 1.6749802 1.1189767817141931 12.835872
604969237681904896 132.69094495660391 11.91162192436606 16.292366 1.5254793 1.1188156222898 21.07175
604911547681373184 132.78594423114305 11.769934829752874 13.283351 0.7329941 1.1187219312607466 69.00623
604911135364520448 132.7584908779304 11.755297369497915 14.785978 0.9200764 1.1185728971922761 37.687923
604917491915139200 132.832725670297 11.784244146597137 16.013441 1.0654402 1.1182615860409553 20.019917
604920717435743872 132.8138844551682 11.837309985817877 12.653306 0.73326206 1.117996839351071 73.237236
604917285757663872 132.83289299566326 11.783437016563388 12.022738 0.615633 1.1179582584779246 60.29955
604918106095629952 132.85846187997177 11.83208058558561 14.533395 0.9190531 1.1176956943094722 43.3425
604969615639180416 132.7880497367292 11.950087185911395 14.3914585 0.8445692 1.117628079696173 49.40571
604920000176937600 132.9841647470044 11.893260542369095 14.852621 0.94958305 1.117502065437183 37.270287
604947625406360960 133.05033279019898 12.029703121429367 15.289084 1.1163044 1.1175005639817286 25.218262
604921202767811712 132.8743622880794 11.858310365801898 13.17651 0.65837574 1.1174759203666238 69.51816
604909142499704704 132.75278966075314 11.6781379700168 15.142609 1.0002985 1.1173609348136337 35.12819
604921855602675840 132.78127078733152 11.882246851764018 13.732728 0.7682867 1.1172560393619997 56.42504
604965423751169024 132.4818117582465 11.88097622345217 15.300639 1.0739431 1.1170327486132405 16.24556
604996106997219712 132.9155928047227 12.097725883315768 15.490493 1.1290846 1.116979133626179 32.65779
604920549932810368 132.81094609963804 11.814040506914477 16.896048 1.5636387 1.1169105632586362 13.497612
604969924876647808 132.74649466217386 11.970631104313053 16.55144 1.6560497 1.1167634293541229 18.899242
604915189813463808 132.69855150188008 11.797939442900473 13.46944 0.72751236 1.1166606019374001 62.22467
604971367985646720 132.77936117137014 11.976911588209155 16.716963 1.6030464 1.1163833828605643 15.368081
604976315787962240 132.7382900632234 12.093446547743225 13.82129 0.76503754 1.116340997102261 61.265347
604921713868337280 132.76467881878852 11.861225180192038 16.698328 1.5138655 1.1159981905639544 16.574049
604916976519992192 132.91364071106884 11.79536949987665 16.762136 1.5222511 1.1156850678286436 16.39546
604999852208716800 132.83487498904432 12.133416489781947 15.7027025 1.1454611 1.115480809476049 27.983643
604914055942336000 132.73421703307375 11.75438256673151 15.818504 1.4210215 1.1150207035418402 23.962584
604971471064858496 132.7825781787741 11.993158360225623 15.526613 1.1029902 1.1148318822145746 31.897507
604913987222816768 132.70692858952987 11.733365820749187 16.086548 1.3347073 1.1147577762637515 23.03736
604898113023653888 132.91057381069493 11.666135898461603 17.071058 1.9733429 1.113630410961549 12.477803
604922229264424448 132.78834572917086 11.88728107684632 17.073603 1.6683064 1.1134655406612899 13.628357
604906118842621568 133.1174517023467 11.809998256376355 16.683075 1.5068693 1.1127512727768967 15.918845
604922336638992128 132.83868585489884 11.904020745702166 15.92281 1.2582283 1.1123583683305776 24.273027
604893680617397632 132.977562793463 11.595162826158587 14.354107 0.8219719 1.1122767888743827 21.273222
604921134048349824 132.8334417346105 11.850459221012834 14.146556 0.8259649 1.111987348360675 47.92611
604916495483676416 132.86878960472615 11.759402860877271 15.490891 1.2284241 1.1119559617818506 30.186468
604902923387005696 132.98343857150124 11.65381174062153 14.445664 0.8712406 1.1118491761130465 46.44509
604902407990875520 133.17174852875033 11.740963431369007 16.386658 1.3776064 1.1115477124945732 20.293852
604911410242411136 132.8222911797527 11.767553359645758 13.777426 0.7652292 1.1106803155947071 52.0657
604896876073077504 132.92746267714128 11.613696518011759 16.339571 1.3367033 1.1104700970960861 19.843002
604969753079639424 132.74966133572866 11.944323758475141 15.43461 1.0705214 1.1103223219949434 28.173538
604895329886451200 132.7621693148779 11.557058177227578 15.617603 1.106535 1.1099441120943034 25.670624
598888285544863872 132.65232342825084 11.46385285440859 15.76199 1.0466356 1.1096255072658778 29.269253
604892684184970880 133.03714490559122 11.573456765437408 15.645964 1.1705742 1.109152957233345 23.712873
604922267919526912 132.80380024159334 11.897833924286921 15.309071 1.0326033 1.1089513563185405 31.367607
604995660320634880 132.8780950154636 12.071120583145962 14.535909 0.8764782 1.1086985946246954 44.88332
604916594267287040 132.876708595983 11.783764162731817 17.182396 1.7001381 1.1085106570162568 10.463745
604917728138508160 132.84901041231075 11.830359410314017 11.241152 1.0594492 1.1074495819292327 25.507854
598907522703329280 132.51786717469287 11.649723028597998 17.15753 1.934948 1.107446972731127 13.237896
604919965817201152 132.97893567912988 11.884990675728341 15.524313 1.0957127 1.1072800414686905 27.234816
604916181950394240 132.88480426660172 11.739472847045064 17.251703 1.7221985 1.1072771795154928 11.574192
604918179110923392 132.89268700719853 11.848460302513542 13.5574465 0.72383595 1.1072005613942684 58.39505
604897906866824448 132.83658070499246 11.661139389314569 13.543837 0.7501888 1.1068811034069665 51.671505
604898009944442624 132.8980333794092 11.66304359463066 14.176739 0.9385567 1.1068715921782215 48.98195
604901239759778176 133.16067879053261 11.707593519021644 16.547073 1.4473095 1.1067392699870384 17.944126
604914262100725248 132.68207227817248 11.757405528893674 16.1534 1.2891264 1.106723409490982 22.730886
604917629355039360 132.8469377922886 11.807361863587866 14.055045 1.0697441 1.1065778094522156 21.916378
604947281809005312 132.9505267651695 11.992014066494201 14.922193 1.0335636 1.1065659556955076 38.128834
604964079425764736 132.64285898623305 11.903260557433764 17.611193 1.8726654 1.1063780468834332 11.095834
604910276371045376 132.8527700034123 11.718387609508406 14.491202 0.9533224 1.1062622113370486 30.087183
604894707113832704 132.85802503339934 11.550009171192468 12.560714 0.7372503 1.1060934570050205 64.314644
598901788922041728 132.6326638460881 11.502093527381815 15.386318 1.0594673 1.106011818102264 34.009228
604902511070088960 133.17494438407783 11.756330148245121 17.362604 1.6677322 1.105846790849637 12.091051
604917972952400256 132.90301474710134 11.833065379693403 15.30027 1.0373001 1.1050168184801783 30.198559
604922985178465152 132.87248424685583 11.903866301242159 12.686858 0.7643986 1.1048762648496964 45.286106
604920549932809344 132.81168729288254 11.816641005623534 15.164518 1.0073147 1.10472635046028 30.785978
604976556306119040 132.75784890149725 12.133940487302338 13.992255 0.7408476 1.1039717049237052 51.241337
604915499051114496 132.6527469052105 11.815353750957756 12.900631 0.77776337 1.103726297596693 53.65846
604921821242942464 132.77046946681625 11.873921747812334 13.699832 0.7550669 1.1035419930331989 42.586807
598900551971467648 132.58565502875317 11.496748996213013 15.383015 1.0541439 1.1034820467525404 34.12912
604933018221557120 133.19852066313993 11.957266011211006 14.631114 0.8776493 1.1031329106479288 37.388218
604906771677660544 133.0701137302507 11.808667250380841 14.231096 1.1509209 1.1024982258091767 47.188694
604893882480109056 132.96618596563215 11.613176638948199 13.984864 0.7169771 1.102014663833797 48.34272
604904469575224576 132.94745009257645 11.745119159676472 14.542595 0.86302567 1.1017337016873796 40.936844
604917663714774272 132.85762241691984 11.812667685364396 15.847855 1.2532635 1.1015407184512493 21.153038
604966866859978752 132.5719416291857 11.90772967129554 15.314818 1.0363026 1.1012394187022663 30.420206
604905947043939072 133.09094399354214 11.77963182686451 13.604394 0.7462406 1.1007966365833721 60.43196
604929346025748608 133.1644378747267 11.821555281990971 17.126034 1.9515877 1.1006506091847656 13.2646675
604904641373912960 132.96264339018683 11.74128423823179 16.646383 1.668479 1.1002058137094062 16.350046
604904297776551680 132.91136132228402 11.710377882388086 13.978698 0.7771692 1.1001952338359602 51.171307
604999680410031744 132.8080041821058 12.113958300127345 14.467059 0.8324795 1.1001721754561158 45.400417
598906633645151744 132.55535511806943 11.622518910663869 15.705956 1.1198587 1.0994519068874977 27.216469
604916598562886272 132.87487401793535 11.773384253510864 17.125044 1.6450901 1.0994147664082934 12.932539
605000844345896960 132.75308341969398 12.162315071742677 16.365112 1.3807573 1.0988460053567968 21.161089
604898903297606272 133.0380344128481 11.616223846827712 16.693424 1.6356487 1.0986828339456585 17.623257
604917625061651328 132.85054101353114 11.807407161462361 16.603622 1.4276028 1.0984145590236534 16.627108
604968069450833920 132.4702406826125 11.932387884922244 16.382816 1.3044987 1.0979845395446637 21.980871
605000848641142400 132.74744936705844 12.16517940706824 15.659702 1.245822 1.09785214298995 27.635576
604947518031910912 133.0082628821316 11.998966261358808 16.163172 1.2856073 1.097619130794319 21.460466
604943227360042240 133.13838267591257 11.949838236554628 14.353016 0.8459978 1.0970607947988846 44.94397
604910310730777472 132.8600836880833 11.730749100857048 11.2497425 0.14682293 1.0960951536878016 33.72809
598888800940931072 132.72005754650957 11.454783473234246 16.482908 1.2866459 1.0960755120523349 20.451052
604945804340420736 133.1088443470859 11.98997055179442 15.067369 0.9865551 1.0951974979037467 32.859844
604920786155388544 132.78395307110318 11.829051806399667 15.321573 1.0133104 1.0950090285841547 30.43205
604895707842014080 132.74102200450398 11.587439513913939 13.932858 0.7817707 1.0941891079470014 53.79064
604914945000917376 132.7460369930083 11.816688049888604 16.072231 1.131813 1.093972787459173 22.591375
604911307163200000 132.82379425742133 11.741530484622633 14.99642 1.1688433 1.093005141950047 30.406937
604972467497283200 132.731664843547 12.012281823796817 15.253333 1.026391 1.0929273294939044 32.559883
604910207651567360 132.86020310579264 11.710872912074132 16.25116 1.3152819 1.0924921760065442 18.685394
604905019331023104 132.98638410615345 11.781826726775359 16.21151 1.4630728 1.0919097851016712 20.373919
604922233561475968 132.79457455142932 11.890712516931192 16.206846 1.3221111 1.091614563765892 19.034166
