Cluster_Table.ecsv
# %ECSV 1.0
# ---
# datatype:
# - name: source_id
#   datatype: int64
#   description: Unique source identifier (unique within a particular Data Release)
#   meta: !!omap
#   - {ucd: meta.id}
# - name: ra
#   unit: deg
#   datatype: float64
#   description: Right ascension
#   meta: !!omap
#   - {ucd: pos.eq.ra;meta.main}
#   - {utype: Char.SpatialAxis.Coverage.Location.Coord.Position2D.Value2.C1}
# - name: dec
#   unit: deg
#   datatype: float64
#   description: Declination
#   meta: !!omap
#   - {ucd: pos.eq.dec;meta.main}
#   - {utype: Char.SpatialAxis.Coverage.Location.Coord.Position2D.Value2.C2}
# - name: phot_g_mean_mag
#   unit: mag
#   datatype: float32
#   description: G-band mean magnitude
#   meta: !!omap
#   - {ucd: phot.mag;em.opt}
# - name: bp_rp
#   unit: mag
#   datatype: float32
#   description: BP - RP colour
#   meta: !!omap
#   - {ucd: phot.color;em.opt.B;em.opt.R}
# - name: parallax
#   unit: mas
#   datatype: float64
#   description: Parallax
#   meta: !!omap
#   - {ucd: pos.parallax.trig}
# - name: parallax_over_error
#   datatype: float32
#   description: Parallax divided by its standard error
#   meta: !!omap
#   - {ucd: stat.snr;pos.parallax.trig}
# schema: astropy-2.0
source_id ra dec phot_g_mean_mag bp_rp parallax parallax_over_error
[from data line 1070]
604891923975026816 132.97026647119128 11.499108851098631 13.063472 0.73351 1.0905656099421337 64.02026
604924776180388736 132.888485213631 11.994766716648753 13.652542 0.8121443 1.090534475372965 46.79864
604977209141167104 132.7005455012815 12.118742071774262 15.567408 1.3324366 1.0896969649676833 29.733631
604897696411104256 132.82446301277082 11.62722390769692 17.047773 1.6099567 1.0890588061901678 13.517202
604995522881670272 132.9177769757598 12.0735604013512 15.215876 1.0156603 1.0888532300312752 35.583588
604969168962428672 132.6952390787646 11.897948334774068 15.128859 0.98975945 1.0881379072527044 36.3562
604960162415506816 132.5282168326703 11.743491955353845 17.105225 1.4756565 1.0872363076886735 14.184182
604949961868553856 133.09366502363164 12.103933910537032 15.399096 1.0654964 1.0870972384704418 31.1324
604917972952402048 132.9015906266165 11.826066298861658 16.68003 1.7686586 1.0869080012281542 16.478064
604926940844054272 133.21845233498743 11.847661449075739 15.021946 1.0051737 1.086615919822549 29.607615
604703976206392832 133.0119391966381 11.467965131579936 16.772861 1.3130798 1.0859850242993234 14.991724
604922096120852864 132.7531291445454 11.88651239109607 14.606981 0.8952999 1.0858336353173075 42.422745
604920923594172928 132.80665032201827 11.843909917167544 12.152578 0.8487072 1.0850906354783443 45.760326
604918591427681024 132.9526148343308 11.821001917031987 10.866512 0.27563953 1.084898449645579 23.099806
604916598562882048 132.884867990325 11.779347612948708 14.407771 0.8944063 1.0839366750866792 46.17497
605000642482686848 132.84946591980417 12.184094403039495 17.302053 1.6975574 1.0824406075319744 11.093784
598955042221499648 132.43705278399432 11.698930709600173 15.312484 1.0598898 1.0820166705913967 30.706099
604930445537381632 133.11757030437235 11.85159654876049 14.831528 0.9396677 1.0820032718454689 38.022335
604891893911033600 132.88961428807195 11.552501318076168 16.841274 1.6425886 1.0819063599132959 14.84774
604922027401371904 132.7653489920436 11.884914384514042 17.02906 1.6184177 1.0808340202996838 13.75398
604972020820652416 132.82709932206188 12.033626279747333 16.516834 1.3645048 1.0804738192044225 19.268679
604930235082768768 133.18009148483168 11.887254111275528 17.002968 1.6172504 1.0793227229445972 12.640981
604920927889741696 132.8007665414661 11.842517778249936 14.672547 0.9660454 1.079211260718185 39.29018
604997309588066304 132.86637051808708 12.151879082818017 16.165909 1.309001 1.0788748852581753 20.727657
604917663714774912 132.8583315378282 11.807583116102906 17.290304 1.7620564 1.0782169259290968 10.709257
604944082058063616 133.01541769750847 11.969121318083513 16.3103 1.3256311 1.0775233461972102 19.582869
604892787264191488 133.01834190129756 11.569401177820716 17.388828 1.66819 1.0766550436923459 10.910732
604904229057064320 132.94428805665652 11.712423077157759 16.349297 1.5082054 1.0765512851613324 18.950758
604910237715563904 132.87040014621948 11.719096645613977 15.241742 1.0469055 1.0749474517819972 27.341898
604969443840314496 132.76022063297353 11.922824361567 15.516991 1.1100225 1.0727765594842538 27.119946
604901102320830080 133.14130680489114 11.692464034457121 15.995378 1.2514381 1.0716072834674941 22.632666
604970646431158912 132.719317591553 11.980248798427034 15.764263 1.149066 1.0706197749086162 25.690302
604969237681908480 132.67362459875207 11.909045723062682 16.775866 1.5088272 1.070398225937593 16.351217
604917423196681088 132.8534685240188 11.801112786767174 14.304366 0.9444132 1.0702313584432985 17.984045
604904847532342272 132.95878233483742 11.750082774087561 13.630524 0.77370834 1.0697105003341298 56.28157
604971093107922432 132.80820865023236 11.959495023122205 15.018668 0.96162987 1.06965220668386 37.965664
604911135364519808 132.76459353599168 11.750770214629803 11.260444 0.3940649 1.069297275844421 23.029694
604891722112350976 132.85354830140668 11.528599290835023 13.811379 0.69475746 1.068603968367988 58.223446
604901957018617728 133.12610322120312 11.714006761625196 13.976336 0.7843218 1.0678979629082317 51.986176
604894535315152512 132.8051288385677 11.540265070948378 17.049267 1.6534405 1.0677905114150346 13.896884
604920756091231488 132.82604185779354 11.83879400844924 14.131107 0.8493166 1.067366992601542 35.40448
604918179110834560 132.8861179141424 11.84191682857874 15.50867 1.0799856 1.0668963875580908 28.067623
604917560635575808 132.81430795998233 11.792065766969978 12.5451765 0.6628523 1.066185533544451 45.816948
604916529843405696 132.8926429456758 11.764866788016887 14.711714 1.0577097 1.065430474236935 35.056206
598907213465686656 132.573284874109 11.669978868371071 16.433367 1.3107662 1.0653449955607006 19.234516
604909898413942656 132.77897438448423 11.6969404132797 15.323898 1.1597042 1.065344818202159 28.92275
604908420946771072 132.6766833150958 11.614680107135369 15.844483 1.2202606 1.0650238859357575 24.306028
604918140455365888 132.87445905580125 11.839681960715644 14.182933 0.9449425 1.0647944907701665 40.662136
604987001666647808 132.54320926570517 12.094088978554757 14.173767 0.80315876 1.0633086313264661 47.61452
604914979359601408 132.7579602912556 11.831424530142442 17.072771 1.5574646 1.0619275130103478 12.294992
604943291783363840 133.12986622303848 11.9604008551031 15.9113455 1.2142239 1.061369341598028 20.591396
604899448757770624 133.09287788485406 11.650302351437805 17.005371 1.6241379 1.0591426843443321 13.20231
604909417377615104 132.72562229432586 11.691689948216633 15.162421 0.8550024 1.0589530280562536 32.825535
604920824810716672 132.7989806008438 11.833847502498788 15.109005 1.1866302 1.0587383632278093 30.083437
604904847532342528 132.95919551465744 11.749179294577926 13.337077 0.7885809 1.0584768707355112 41.819992
604918076031622144 132.88390694834712 11.834331384283809 12.486162 0.75955963 1.0569172875527764 46.236893
604894196013526272 132.78842767379695 11.510673899289094 15.860882 1.3841066 1.056812510742369 24.564936
604972394482498944 132.7720665093281 12.030350265033292 17.03083 1.8243256 1.0566674727245078 14.346318
604911375882674944 132.81952447881753 11.75816214557706 12.210929 0.92181873 1.0552999230438342 15.067432
604918243534758400 132.87072904756974 11.85384815368228 17.047455 1.6554928 1.0552626084680459 13.439112
604923848467470976 132.85612016957663 11.927404215661157 17.374266 1.7415771 1.0541867290039364 10.064619
604961090128295808 132.59895697705852 11.81599381369512 13.398663 0.6548977 1.053006705244615 68.23547
598955424473539712 132.47543628018357 11.718446933989856 14.508028 0.86940384 1.0523313991734282 42.191334
604901686436367232 133.19513988522004 11.727723722054188 17.111662 1.6497574 1.052180554753061 11.6828985
604968000731350912 132.50475447585666 11.941259463971152 15.087511 0.8661585 1.0495445814156694 37.600224
598901995079871744 132.64318663352046 11.530614135744045 17.431898 2.0175934 1.0485643272477891 10.936111
604969336465748352 132.73183964095603 11.931684778797798 17.282303 1.7428589 1.048281038778142 10.972158
604898555404553344 133.07525562542307 11.589811115249221 17.512197 1.8199577 1.0479992765515553 10.934054
604909760974981120 132.82663841305776 11.684489296708648 16.22102 1.5852375 1.0452697483658202 19.011604
604920030241180672 132.96139154933945 11.88959708458793 16.316282 1.391943 1.0450959181185437 17.38955
604987310904290176 132.5635394262583 12.085002122225022 16.61028 1.4506922 1.0444740440498361 16.532253
604906355065249408 133.04161942752833 11.790205274460929 16.947237 1.6121101 1.043617052367201 11.786335
604895325589136896 132.7637505120649 11.553332862959502 17.323992 1.6538792 1.043222691764934 11.67384
604923706733209088 132.93946761654976 11.964719875480391 16.410458 1.664403 1.0417493649905147 16.375427
604968413048207488 132.52437309676594 11.964084384933056 11.1570835 1.2622442 1.0377885167963397 44.194122
604904293480903808 132.91518550153515 11.707837377819983 16.25642 1.3152981 1.037710332177406 18.410084
604896635554924672 132.877224392414 11.602762679133821 15.868754 1.2071266 1.03744448585197 24.065756
598889694294135040 132.66945282674965 11.455468412032262 15.458749 1.0948849 1.0360012338326277 27.035915
604911685120320512 132.80086593504421 11.787453183704807 14.911862 0.9777794 1.0355137789250066 20.790064
604946938211615360 132.99179005437918 11.972926611379913 16.645363 1.7771587 1.032502975146324 15.46456
604891103637070848 132.82144915107452 11.475803094892994 15.8736 1.1232519 1.0299572896960707 23.617685
604912612833292800 132.63811915710542 11.729045378094833 16.760757 1.3130665 1.0262406487837659 14.294474
598888521767968256 132.61390306121137 11.476939419954618 16.411549 1.2809553 1.0262303950525533 19.016527
604911886983070720 132.6678833667543 11.681493194439367 17.229115 1.7060318 1.025605303840705 11.441542
598907389559404544 132.48942962676736 11.635470704606124 13.537104 0.7591343 1.0247844965976887 62.90917
604945804340419584 133.11581743307948 11.998579776026931 14.949585 0.98180866 1.0243517829661297 32.348755
604899006376816384 133.05389393642977 11.618019177642662 17.126814 1.8777142 1.0237557010242466 12.515833
598885983442373760 132.82943326344747 11.440032876360338 14.376572 0.8573532 1.0224503500137103 46.82241
604897597627592192 132.88299452047673 11.638063274209278 16.455765 1.4871473 1.0219625167933348 16.699509
604996313155646848 132.9200151373751 12.114537020266132 16.233395 1.2796869 1.019292466134268 21.06049
604921340206591744 132.82121336849383 11.86804251161211 16.950493 1.6685562 1.0180960007978013 11.518978
604901132390317056 133.1588535560495 11.693860721122379 16.708189 1.3895931 1.0179912765518435 15.868343
604963121648488320 132.65475836325743 11.858925747265939 16.704063 1.5817022 1.0167026696982466 16.54646
604968133874491392 132.46511326964736 11.944544784649546 17.551805 1.8248081 1.0147744489988708 10.610615
604910070212621568 132.84567665229997 11.685159898712467 15.930839 1.0156832 1.014399749562466 20.105268
604926288009182848 133.17385152171872 11.784023895685477 13.896236 0.8966055 1.0131768602501876 52.21526
604916392404461184 132.8739670381513 11.751822932419964 17.225681 1.6809692 1.0125297479834505 11.21891
604987237889006336 132.59604508491157 12.104049467788922 13.347563 0.8258352 1.0096340606750631 61.988953
598888727926385408 132.7406497900807 11.439758036393224 17.622303 1.8425255 1.0084063472987181 10.018588
604971402345380736 132.79037517023778 11.987127079679214 13.41916 0.7644329 1.0080907465096915 24.247206
604917423196609280 132.8556647740653 11.792844689726236 12.390759 0.7672701 1.0055823609241108 16.304209
604920721731499648 132.8071441399558 11.833049101747385 14.1657095 0.72901917 1.0032836361513742 44.20331
604899143815760768 133.0949137441342 11.619772232439898 16.739504 1.5037022 1.0009007765372706 15.097244
604977071702226048 132.66313460106923 12.114539815353654 16.659863 1.2814159 1.0002885866200188 16.255993
604975388075059072 132.63662608905813 12.08577384220325 16.493284 1.6294403 1.0002432924766034 18.195791
604961983481708416 132.55948803214122 11.848821167941232 16.22079 1.1636906 0.9994897826302389 21.41235
604908592743901184 132.70836728086158 11.647303479169151 17.197443 2.052206 0.9986282032179216 11.766623
604908313570276096 132.76975220381075 11.67017070751608 15.67079 1.1552839 0.998624057447681 15.625117
604976762464567680 132.71458864630668 12.101029936246174 16.129448 1.3802023 0.9976815181752436 21.379166
604914193381246336 132.69849308934292 11.752866575151344 16.16025 1.4764757 0.9922956258970593 18.754723
604962636316716800 132.59520244678438 11.829989094030811 16.686607 1.6180592 0.9903433488023539 15.42658
604921718163730560 132.76865387371458 11.862766961055666 13.870309 0.85494804 0.9899585355993027 46.69546
604897838145769472 132.83984755498966 11.652363899720317 13.516213 0.66397095 0.9897968279302767 55.18961
604903984243279232 133.0165467463287 11.750552143025443 17.013369 1.7292767 0.9853885479352457 11.818829
604950717782807424 133.0190079522341 12.129692612270789 15.931641 1.1334524 0.9837046168497545 21.025068
604929620903656192 133.15206605038549 11.833941210087998 16.133791 1.6648321 0.9823188757190012 19.639456
604912063077484032 132.59116109595246 11.682094214812377 15.614227 1.1005421 0.9821382352827758 24.22098
604917659419190656 132.85613980132848 11.81526991345497 16.957205 1.8605194 0.9809370682808016 10.520748
604911478961895424 132.7990288171814 11.756134765684447 10.008406 -0.10200405 0.9783095374038498 26.275448
604972914173845888 132.83201937418994 12.059452565380264 15.30695 0.9608736 0.9767983637456623 26.021599
604968275609260800 132.47855537725061 11.970041035692338 14.889999 0.89066505 0.9762980761432193 38.509705
604920756091233408 132.82389034195504 11.834877952816734 13.35867 0.74669266 0.9750133466241586 23.60438
604902648509051648 133.13283538276252 11.742999531224806 15.163117 0.8819046 0.9745345678209604 31.408009
604970882653722240 132.68554967974836 11.990277442767098 14.306335 0.80015945 0.974115944470779 43.35655
604897803786032768 132.82328138687603 11.66001330729278 13.42456 0.7503433 0.9729556203147747 53.302094
598903159016534656 132.55639126577503 11.55388380502504 16.549437 1.1629219 0.9706471835030666 17.721039
604924054625893120 132.86528837286585 11.95831184503567 15.505336 1.0988188 0.9692269687014061 27.556686
604916285029788800 132.93007792688795 11.754862332134893 16.953627 1.1561832 0.9680199222097255 11.780366
604963362166649344 132.67290372575812 11.896903909195638 17.413452 1.3569603 0.966444655494844 10.208177
604921305846834816 132.86685941351104 11.888765967218436 16.299547 1.3387833 0.9653768047422286 16.49848
598889659934380032 132.76044901704586 11.522240605949102 15.824952 1.1464281 0.9645621784472969 20.84457
598901685842833280 132.55458334276733 11.552558979916924 15.216683 0.90435123 0.9637995831896339 32.564167
604904293480826624 132.91581984950705 11.715103894105678 14.186373 0.83925915 0.9635000403604415 38.667713
604917320117398144 132.85021284780873 11.786558491337466 13.619302 0.76629734 0.9626291131466256 52.19314
604914086006367232 132.7458477511432 11.764240159074584 16.341421 1.1982441 0.9623063387513516 16.581882
604894092934247936 132.97842098690387 11.642940380535663 16.272823 1.1896057 0.9614923844613525 18.076248
604963259087437184 132.67272966472308 11.875184729281354 17.211037 1.7077904 0.9569380784007927 10.804869
604998782760888960 132.94523578442423 12.174448757721173 17.018007 1.443697 0.9543785941841012 12.582507
604970371553272064 132.65214107048132 11.964012479141081 15.285026 0.8830271 0.9536791446978004 26.332071
604895123728017664 132.8509675118616 11.585770964529509 16.329939 1.0545502 0.9519653224023705 14.98556
604966866859978624 132.56879250645935 11.91293153935546 14.92992 0.87145233 0.9511363241276678 32.839935
604907420217052672 132.72446119150771 11.59520276604364 17.02441 1.3779659 0.9483560601639 12.079727
604894367812207488 132.83045356425686 11.542748987956164 13.60212 0.6759701 0.9466873152045614 53.80242
604910654328188032 132.76660173828176 11.706643886757783 14.402672 0.7455416 0.9329339768175169 39.282677
604898147383383296 132.92914188378307 11.683223361001923 14.919376 1.0200863 0.9312052990820047 32.05099
598885777283950848 132.75467899209937 11.436625463058855 13.480726 0.86439705 0.9300418060899904 58.581203
604963082993339776 132.6964517176052 11.875802111774197 15.878719 1.0911722 0.9291645957906003 19.666971
604898731498904704 133.08036662048218 11.609541712509062 16.23637 1.3280935 0.9290679978599915 18.753729
604711161686480896 133.15956137825964 11.59150537308647 15.440536 0.96464825 0.9290549701559379 26.16363
604909172563627392 132.72258631903387 11.678703532423537 13.551199 0.802928 0.928988272645371 54.403126
604901411558457856 133.21633257659866 11.713650681000923 17.380192 1.434475 0.9192789482297486 10.665232
