Cluster_Table.ecsv
# %ECSV 1.0
# ---
# datatype:
# - name: source_id
#   datatype: int64
#   description: Unique source identifier (unique within a particular Data Release)
#   meta: !!omap
#   - {ucd: meta.id}
# - name: ra
#   unit: deg
#   datatype: float64
#   description: Right ascension
#   meta: !!omap
#   - {ucd: pos.eq.ra;meta.main}
#   - {utype: Char.SpatialAxis.Coverage.Location.Coord.Position2D.Value2.C1}
# - name: dec
#   unit: deg
#   datatype: float64
#   description: Declination
#   meta: !!omap
#   - {ucd: pos.eq.dec;meta.main}
#   - {utype: Char.SpatialAxis.Coverage.Location.Coord.Position2D.Value2.C2}
# - name: phot_g_mean_mag
#   unit: mag
#   datatype: float32
#   description: G-band mean magnitude
#   meta: !!omap
#   - {ucd: phot.mag;em.opt}
# - name: bp_rp
#   unit: mag
#   datatype: float32
#   description: BP - RP colour
#   meta: !!omap
#   - {ucd: phot.color;em.opt.B;em.opt.R}
# - name: parallax
#   unit: mas
#   datatype: float64
#   description: Parallax
#   meta: !!omap
#   - {ucd: pos.parallax.trig}
# - name: parallax_over_error
#   datatype: float32
#   description: Parallax divided by its standard error
#   meta: !!omap
#   - {ucd: stat.snr;pos.parallax.trig}
# schema: astropy-2.0
source_id ra dec phot_g_mean_mag bp_rp parallax parallax_over_error
[from data line 307]
604967244817098240 132.57608510110327 11.922538671175415 9.665227 1.2372551 1.294647982490923 80.82339
604967588414483712 132.54821092591942 11.954496905972166 17.464241 1.8073769 1.2943679455829724 12.328579
604974799663747584 132.58583405125978 12.030526028520704 17.767994 1.7276955 1.2916532238441512 10.875201
604971264906413440 132.839547685253 11.984650561946603 13.970555 0.77164364 1.2913879865767568 38.86103
604890519521489536 132.96173262038178 11.503318084134138 15.454413 1.0753822 1.2873831912036497 38.27174
604996106997222912 132.9092360349069 12.085434056736943 13.646353 0.7661152 1.2861531070652772 58.988373
604917835512485248 132.87624057103935 11.815159388803108 17.088352 1.6181202 1.2853698176423054 13.183636
604963911922477696 132.58381422020366 11.90506323109541 17.738438 1.9398994 1.2837148709176047 11.533558
604960579029522944 132.5344750688669 11.773958800772576 16.43326 1.8535147 1.2826598983518867 24.598043
604948381320634880 132.91841386338848 12.030625796572226 12.50526 0.70580006 1.281584079905263 83.7234
604914983655019520 132.75879094360027 11.817018317411668 13.173609 0.7937145 1.279918690167404 26.477116
604922474077958144 132.7943979341253 11.909484654333037 15.995755 1.2535019 1.2793221028824422 28.401958
604895295525155584 132.7464895600599 11.551515418318052 14.75083 1.0092134 1.2752545851161174 47.72227
604906462440021504 133.03592732777153 11.804363469147802 13.628075 0.7299595 1.2736305247758715 58.941975
604926043198690176 133.21666694942235 11.776190007378956 17.735193 1.9094925 1.2722368152511747 10.212302
604906599878984832 132.99202008656013 11.804447382046575 15.7270155 1.3110161 1.2720202715435465 21.904177
604949171593589120 133.05289009851063 12.049816079818823 14.53749 0.9086962 1.271388821844454 52.20941
604964770915959680 132.4333732650205 11.829747265965915 17.395695 1.6139946 1.2710194162963542 14.446886
604895948360165888 132.83468147201515 11.602570195085613 16.246227 1.5720253 1.2701700217086174 23.412247
604960334214210688 132.5553016221197 11.765672413232647 17.352844 1.7304745 1.2698999468478411 14.180473
604962709331635072 132.62045570780325 11.841411584679834 17.443262 1.8042336 1.2681899709303623 12.855693
604903576222015488 133.0142432277013 11.710557916446541 16.090982 1.2539062 1.262779749071367 25.562895
604924015970612992 132.8606643351388 11.952502105257638 14.280833 1.0135956 1.2626959272786749 24.985443
604907115275046784 133.03485862896022 11.832908637920804 16.189533 1.3151636 1.2621369199463846 22.24737
604964010706281856 132.61948622265265 11.891674129111076 16.363602 1.4114132 1.2613502264885483 24.571491
604943674036665472 133.010271714037 11.92616104979336 14.59748 0.9039612 1.2610981089409536 37.32395
604988685293803520 132.6324919707803 12.112125029914116 17.165012 1.8044662 1.258703940254049 14.2326355
604920790450985856 132.78614717991618 11.82522992893732 14.620485 0.88791084 1.2578243929738775 47.007305
604896498115959296 132.92578107805087 11.602282789151133 17.50314 1.7818031 1.2574703576342998 12.340866
604917457556344320 132.8635223036517 11.802757398041114 17.012089 1.8808537 1.2571389989152442 14.598332
604909756679296640 132.82612047315277 11.6915576625204 15.648104 1.119195 1.2567151816335969 29.877516
604911204083987584 132.81022594920665 11.7435055484681 15.077661 0.9768238 1.2566514368166555 38.356594
604906325001071488 133.0206706793104 11.793857383440798 14.839034 0.9380312 1.2558796484205093 39.31284
604974769599793152 132.56077413920346 12.029127200493146 17.703156 1.9006252 1.2557382439349156 12.1236315
604899006376815488 133.05205648704612 11.627348221283492 17.253534 1.6999454 1.2535601870004744 14.891617
604946285376553088 133.10256923770083 12.044810379251947 17.173012 1.7068768 1.2535184884120714 14.036311
604969306401373952 132.71516220041153 11.91789048021685 16.931812 1.5951462 1.252713096066143 16.93223
604917625065211008 132.84702966110643 11.796394766206399 16.08055 1.2624617 1.2519023735041288 22.829996
604911268507711232 132.8097517211022 11.750135043124263 10.977456 0.58271503 1.251831791627078 29.812843
604916873440769152 132.93777157402997 11.796090555435972 11.2212715 1.1992569 1.2508955092582283 49.299732
604898490980772352 132.89615520371964 11.712988045005972 16.612162 1.5303602 1.249385045108378 18.063673
604942879467199360 133.0436203431475 11.916675075918528 17.541435 1.9331455 1.2473227685576178 11.59286
604913574905773312 132.64451606621785 11.757104582975066 15.418537 1.051321 1.2469505005845383 35.987804
598903128951834496 132.6139672771866 11.578628451625594 16.989664 1.7299271 1.2464238204193012 17.652647
604920549932809472 132.81250776537107 11.814655434194247 17.08221 1.7381783 1.246000547056515 15.00977
604964766620119680 132.43233207517287 11.824322899708251 16.119038 1.2999334 1.2451348267414135 28.27035
604923470510324224 132.9534438346125 11.947554554442505 12.654641 1.1066475 1.2449842824121797 72.09551
604892306227881856 132.95647815631384 11.532638604814037 15.578226 1.1099415 1.2449281514785315 34.602543
604910100276687232 132.86176743835276 11.706519549183442 17.541813 1.8482265 1.2446486468729636 11.111308
604921438990241280 132.81560950891807 11.882997663173677 12.6730175 0.74487686 1.2440520907271904 39.206966
604996519314092928 132.8722431469701 12.092168118875684 17.213696 1.713068 1.2437381427535499 13.670372
604896150222841088 132.78087087375013 11.614861913091001 13.283628 0.72678375 1.2436404594579058 64.46171
604903370063591424 132.99583971486024 11.696988460020792 14.549583 0.88119316 1.243588060817167 50.382843
604966518966784256 132.43784251163913 11.921670433736782 17.581564 1.8033867 1.2413332077676296 12.604582
604922302279260032 132.81595734653368 11.901003258392063 15.193524 1.0484524 1.2409938752454157 38.160675
604973979325779328 132.7021144477641 12.01504487536785 14.882329 0.9550381 1.2401260116059596 43.77623
604961021408999808 132.56477966983294 11.803558971442195 17.62686 1.8303509 1.24006979968095 12.300895
604965178937376512 132.5193915250115 11.868561794084856 16.645302 1.4440098 1.2377840962902789 21.124014
604907046555568896 133.05118967882728 11.824729381288334 16.84414 1.5517578 1.2372274560279273 14.429569
604704697760911616 133.08549104833875 11.534091000204374 16.369274 1.5053921 1.2352329218248634 21.737396
604895810921215744 132.82179026065447 11.586897549945846 16.486538 1.4227257 1.2347903800509639 21.501444
604900140248181120 133.02681212330532 11.670747894620318 14.997422 1.0250654 1.2347660981622162 41.504242
604896566835439872 132.90418327480896 11.614335581171282 14.599969 1.032628 1.2331326182265465 47.666763
604910546953300608 132.83911145355594 11.733567339325612 16.618692 1.4616194 1.2330575367859908 17.978735
604915292892687744 132.6530433644704 11.785426365484613 15.25841 1.0216599 1.231909377640601 33.827557
604971093107738624 132.79707429137622 11.955884881008478 15.497033 1.0922327 1.2317405748543575 34.687115
604913540546033024 132.65765770055683 11.759851506622564 16.308594 1.351532 1.2307761529032537 21.711308
604917594995372160 132.82100479456653 11.807433465773814 17.058317 1.7290173 1.2306049285722718 13.180453
598885738628962432 132.77495621844088 11.429279374425027 13.397335 0.7503891 1.2302463529123318 76.58789
598885880363159296 132.82178421983372 11.431875194556595 15.009868 0.9685335 1.229993201637803 45.75489
604997206508853632 132.86812383948373 12.127381544528468 12.454363 0.6010361 1.2285507074238418 73.79161
604989269409329920 132.6882161333892 12.159105821684948 17.683722 1.8064804 1.2283875713111867 10.283533
604914983655018496 132.75640409617554 11.826187033639433 12.506425 0.790575 1.226805421256137 31.9306
604917663714774784 132.85391265515494 11.816874464105041 13.094708 0.76790714 1.2258146711835962 62.413696
604909692255500544 132.8440542372361 11.68279263514648 16.955397 1.5907211 1.2256528959539013 15.85038
604910001493155584 132.78956168903517 11.695828299801674 12.601999 0.9179535 1.2237860664089297 55.59842
604900690003981312 133.06933120630285 11.70832030283156 13.350618 0.72792625 1.2229473226205823 58.105156
604999886568459136 132.80993067712828 12.138195132778078 17.24666 1.707386 1.2229013743358346 13.380938
604943639676920448 133.03546270485344 11.92790698269053 12.903277 0.912261 1.2228289462132125 60.858437
604898211807205504 132.91000615929593 11.691702155886889 16.116764 1.3781404 1.2227965145536221 23.080877
604895364244625920 132.78867375685445 11.559159923113269 14.627281 0.8787594 1.2225189785989339 48.68367
604915666554365696 132.7157384957936 11.823949093838094 17.405546 2.1771164 1.2224663374145557 11.899553
598885944787392000 132.79650541694713 11.443016079770695 13.710828 0.7520733 1.2220427845540116 63.076412
604963740123794048 132.54439023826106 11.876368234600239 16.23311 1.3354225 1.2218279035889534 25.463228
604914605698086784 132.77677928197727 11.79184099767538 16.073326 1.2734985 1.2211695240980063 24.733223
604911749544005632 132.64323407110425 11.665743850429896 12.478206 0.7679453 1.2205256408091743 78.98257
604965522534368256 132.48571530985694 11.895426230826716 17.51174 1.9568977 1.22031924185358 12.933829
604918282190042496 132.896519780508 11.86096376968749 15.08917 0.9917793 1.21982311388985 36.201786
604923023833744896 132.88213865097435 11.915813227651391 16.82904 1.560358 1.219782119971965 14.303154
604969787437702784 132.72906070507685 11.94728459786854 15.444592 1.2827625 1.2195923451127275 33.782814
604997034710156672 132.88701498512503 12.135992271809041 15.597069 1.117343 1.2190352300947722 28.763515
604908004332577152 132.78337968980577 11.64055484898574 14.309361 0.8279934 1.218276274550113 41.16813
604922130480588544 132.75169023487408 11.901338670742376 16.734282 1.494937 1.2178936801149374 17.599798
604904503934969856 132.93140647428353 11.740680776325666 10.464759 1.2657413 1.2178935993126014 57.337223
604920824810533632 132.78330056997476 11.83217796432791 15.237194 1.108387 1.2178730127808317 35.638615
604972944238043904 132.81040871678022 12.069069380406313 14.8516245 0.93605995 1.216427701213476 45.863007
604908489664691456 132.6686492725073 11.623304090211462 17.89022 1.8975449 1.2157948004854353 10.021842
604914536978619520 132.74674931693474 11.770265596908839 13.296779 0.79227924 1.2153311038787973 71.14639
604919480485158784 132.92646568694238 11.85639705755515 10.972071 1.2251043 1.2151630265626014 62.34088
604924393927734528 132.89746945791592 11.965697024871444 12.607555 0.9111614 1.214340719579074 78.699196
604907592015745792 132.68792783167999 11.600663163280347 15.355323 1.2652607 1.2142353303441626 34.85667
604901823875341056 133.10983628434533 11.691020965269104 12.249378 1.1126966 1.213697106322298 73.69085
604702636176594816 132.95223055140244 11.460331130820444 17.329582 1.9691486 1.2131554784510572 13.070252
604915636490059008 132.708062843926 11.820200324904567 12.689348 1.0334959 1.2126210165688145 68.38579
604908416649384960 132.6748898176904 11.614602330455092 12.498256 0.8654661 1.2122412935346087 71.19705
604894333452472320 132.82308795738462 11.529959986362321 15.362796 1.1482306 1.2118934045435708 28.485899
604914468259140224 132.76351880731738 11.763156733182734 12.504823 0.78692245 1.211770448373849 77.94828
604915567770582912 132.71544678175795 11.802970187494125 13.059261 0.7162466 1.2110309771554728 22.308908
604969783142095744 132.71590188562627 11.948850380469302 12.606146 0.7430048 1.2106094412215898 50.256817
605000573763220224 132.8171027625745 12.181488472940808 16.668568 1.4754057 1.209819422678799 18.792553
604914601402325504 132.78488564648407 11.786694995186608 12.12951 1.131733 1.209730078391315 72.097404
604975693017389952 132.71924163635845 12.060270030212644 15.153168 0.9939194 1.2096081851446305 38.177094
604918591427678848 132.95806939630876 11.825319991847184 12.4752865 0.77196884 1.209293745283163 77.14385
604914846216261888 132.7435015036983 11.801845245685634 15.468982 1.090477 1.209003790847649 32.70574
604917491916095872 132.82781372722755 11.784075469924868 12.357132 0.9978361 1.2085704522467644 80.15305
604969340761109760 132.72619900281427 11.92089776339947 14.820488 1.0607452 1.208215184419133 43.31377
604996240140945024 132.93063285845483 12.113472269760795 15.9620905 1.28866 1.2080558531746763 26.3927
604918247830308096 132.88773554512318 11.854447412714435 15.021776 1.014677 1.2078695398045902 39.54722
604922641581304576 132.78419202539064 11.926632456773293 15.509171 1.087964 1.2068505196109585 34.26497
604917388836860544 132.88514110293403 11.797871511864761 12.479906 0.7909727 1.2061150012497281 44.04517
604945598181981056 133.1713140462688 12.025773896141871 15.992974 1.240488 1.2057154357595827 24.490746
598886082226539136 132.81870312997395 11.459709259139215 17.289637 1.6771717 1.20515733376285 12.693072
604969954941058944 132.7618773239697 11.98276835631908 15.949997 1.1969166 1.205087636609872 23.841919
604914021582551168 132.71788535131734 11.750984927195558 14.465743 0.8518362 1.2049482956969113 47.35506
604922886394972160 132.92173740543262 11.908062443017352 12.646031 0.7396383 1.2049308891291945 70.168274
604904396560128256 132.91366168197786 11.72652641510808 16.13321 1.2780113 1.2048993265248567 21.811172
604921924322164608 132.74227388877856 11.87286832465289 12.614841 1.115695 1.2046753934273817 86.06286
604904263416797440 132.95229235246322 11.725346513913287 16.714752 1.5186491 1.2046256707750382 18.353813
604919450421136000 132.95130645659663 11.853308118669334 12.359346 0.83065796 1.2044516648749157 33.650566
604909653600014976 132.82780032109673 11.676857927105772 13.902545 0.7459879 1.2040653415912186 57.61376
604905122410226688 133.06806608667782 11.737013603893665 16.248579 1.3712358 1.2039230314841898 18.63407
604920927889929216 132.80277383094378 11.842939491288519 13.486864 0.74941254 1.20271063953514 61.787407
605001462821192960 132.8325510999409 12.205811467944049 17.534235 2.013773 1.2018841718108124 10.3989105
604905500367349888 133.0472343503758 11.760536076597916 12.695327 0.96841717 1.2013230888602429 64.337585
604704633336193152 133.0958555514369 11.531271266565351 16.589996 1.4636536 1.2012755468888845 18.79271
604907012195819648 133.08911802681712 11.844944725424432 12.614237 0.74175644 1.2010145823413005 73.28675
604906801741863936 133.07044146640217 11.816708727519458 16.662333 1.8249722 1.2005404438602607 16.535875
604967760213166336 132.5881120943107 11.976909251725784 15.24659 1.1060419 1.200014111301081 37.722878
604910340794780032 132.82159618308165 11.71017268679667 14.357657 0.8860092 1.1994518948509252 46.329536
604912647193030016 132.65051057203152 11.721681110464335 12.491335 1.0882921 1.1993778030648812 76.36114
604904263416796416 132.9540253392064 11.727738379240769 15.079404 0.9866047 1.1990922435893647 35.314404
604896837417607808 132.89348112544673 11.632609571625212 13.040115 0.7442293 1.1986323362760365 67.94021
604911341522929536 132.83465900484816 11.764564997160335 13.010176 0.7429924 1.1986223583881732 51.4757
604903812444576512 132.991509781731 11.727379911166295 17.150433 1.9533863 1.1983774854565719 13.995999
604916598562883968 132.88394717593 11.77415924756792 15.982876 1.4072571 1.1983536199850642 23.765299
604898761562989184 133.09261975391976 11.61301518339886 16.461048 1.5212193 1.1980525111007962 20.025894
604942505805553920 133.06847490848938 11.877799091862542 13.515175 0.69648457 1.1976828674416866 70.59065
604963980641948416 132.6301561524312 11.891039794693599 16.69441 1.4792509 1.1975182950147931 19.625093
604950477264649600 132.99967871099096 12.083027369596387 12.646977 0.75673866 1.1974625837613577 89.427956
604905534727082880 133.0658669868118 11.775536036723082 14.7921715 0.91913986 1.1974372150164654 43.990074
604917698074587136 132.8400304800094 11.817360873933733 14.996793 0.96690845 1.1972278837024026 35.310276
