Cluster_Table.ecsv
# %ECSV 1.0
# ---
# datatype:
# - name: source_id
#   datatype: int64
#   description: Unique source identifier (unique within a particular Data Release)
#   meta: !!omap
#   - {ucd: meta.id}
# - name: ra
#   unit: deg
#   datatype: float64
#   description: Right ascension
#   meta: !!omap
#   - {ucd: pos.eq.ra;meta.main}
#   - {utype: Char.SpatialAxis.Coverage.Location.Coord.Position2D.Value2.C1}
# - name: dec
#   unit: deg
#   datatype: float64
#   description: Declination
#   meta: !!omap
#   - {ucd: pos.eq.dec;meta.main}
#   - {utype: Char.SpatialAxis.Coverage.Location.Coord.Position2D.Value2.C2}
# - name: phot_g_mean_mag
#   unit: mag
#   datatype: float32
#   description: G-band mean magnitude
#   meta: !!omap
#   - {ucd: phot.mag;em.opt}
# - name: bp_rp
#   unit: mag
#   datatype: float32
#   description: BP - RP colour
#   meta: !!omap
#   - {ucd: phot.color;em.opt.B;em.opt.R}
# - name: parallax
#   unit: mas
#   datatype: float64
#   description: Parallax
#   meta: !!omap
#   - {ucd: pos.parallax.trig}
# - name: parallax_over_error
#   datatype: float32
#   description: Parallax divided by its standard error
#   meta: !!omap
#   - {ucd: stat.snr;pos.parallax.trig}
# schema: astropy-2.0
source_id ra dec phot_g_mean_mag bp_rp parallax parallax_over_error
[from data line 764]
604918522708192256 132.99483964635692 11.834028670729893 14.14483 0.8678732 1.1492632333212993 48.15497
604964083721158656 132.65410423899596 11.901286526183664 14.227486 1.010293 1.1491500704088173 47.115326
604916010151555072 132.72802893283128 11.852591437914667 13.392233 0.7301712 1.149104574995496 68.1043
604920790450034944 132.78542129307277 11.825614581557574 16.789867 1.4895315 1.1489776853339835 13.974747
604988784077232384 132.62443059671952 12.135267788354575 12.430536 0.78082085 1.148896149245945 80.52294
604902545429825408 133.1811763410268 11.75649058814465 17.243584 1.6764603 1.1488865989292578 11.98984
604904572654435456 132.97489117078567 11.724246443279823 15.931609 1.2345314 1.1488719732576453 23.944324
604920683076006272 132.8291867238187 11.834918935672093 12.390369 0.7697544 1.1486175014484674 78.81197
604896051439391104 132.77719082541157 11.599691095661335 14.38763 0.836771 1.1485762475750647 47.74738
604972330058312448 132.78376461217343 12.018469006546416 13.459555 0.77516556 1.1485641042661476 67.40207
604973085972551296 132.76953337602475 12.072005630471182 13.405049 0.7436886 1.1485572710917131 70.415184
604895055006972800 132.8197044275423 11.581278581687641 16.043224 1.249424 1.148524052178257 24.022333
604918041671892352 132.86046098811008 11.822305410733648 13.336247 0.75470257 1.1482388377692994 67.419815
598907836235995008 132.539936113674 11.644975585603671 14.332987 0.82174015 1.1481136612719698 55.257458
604917320118983936 132.85119731670474 11.791210220915213 14.75341 0.9130306 1.148057043344093 37.512215
604904533998990592 132.9322467692491 11.754114740587678 12.958711 0.7166929 1.1480116098473825 52.595177
604897631987337600 132.8550102591567 11.637819660800849 15.014009 0.96694946 1.1479300800918495 38.557163
604893405739514624 132.9096680958197 11.574321810691997 16.54981 1.4550695 1.1478513512234012 17.344933
604971093107735040 132.80520753195376 11.964632713843104 16.481857 1.4096737 1.1478500994754248 21.084112
604910551248951680 132.84281321108605 11.735826230673558 16.039473 1.2588825 1.1478463359125226 23.70652
604971161827216640 132.78684197557288 11.964903792311576 14.0869055 0.7771044 1.1476824018373324 24.745798
604906565519358464 132.98572104377084 11.790265575793763 14.223176 0.81415844 1.1474845645421368 45.828396
604917732434252032 132.84788105468462 11.818283946187028 15.922245 1.2154188 1.1473345058209448 23.501339
604974357282901504 132.67753031706644 12.052784525865373 13.223673 0.71833706 1.1469923387426275 72.08521
604900724363708672 133.16111579766914 11.652173602388977 14.868529 1.0275307 1.1469315304305723 40.141464
604920824810533376 132.78489103549325 11.835494425241782 13.431571 0.7471409 1.1469201738403147 63.21814
604970508992220288 132.66621243569736 11.975655771336866 15.466809 1.0793638 1.1468789802821828 32.185356
604900449485821568 133.0474328783454 11.675567108053828 14.074452 0.79384136 1.1467712532344159 54.554226
604922920754523136 132.90458932171813 11.916652622822426 13.064538 0.7538004 1.1466871609564244 72.49717
604914949295285376 132.7437194774349 11.8121970277052 15.358693 1.0568094 1.146631261323724 30.80836
604920648716270848 132.82720496614647 11.822630402974745 12.492557 0.78215504 1.1465633762064429 75.14721
604916736001826432 132.9185191314346 11.777172276056481 13.696044 0.75548744 1.1465277837638408 62.82536
604916559907415040 132.89999250235624 11.775989013779908 12.513201 0.8826494 1.146439920421915 73.8998
604921271487102464 132.85629405396207 11.87744089449727 13.119683 0.7652111 1.14643050404975 70.78785
604920653012020864 132.8202115546347 11.827417392336024 15.765214 1.4140682 1.1464200613960638 25.906181
604996347515377792 132.93715104303715 12.136441724235725 13.560265 0.74610233 1.146247128039573 71.429474
604918763226358656 132.995735795022 11.853938868529912 14.967571 0.97196007 1.1461415038725684 34.31287
604944086353518592 133.0137191460236 11.96794278841992 13.851966 0.7825279 1.146057830424664 60.239227
604971466769552128 132.77903655329845 11.995985845485437 16.507046 1.454668 1.1459637299655883 20.128471
598890106610992256 132.66570736748642 11.505086224441865 16.619219 1.6058245 1.145734794239688 19.359005
604910546953207680 132.84065109963007 11.734733584507469 14.00755 0.8529644 1.1456107760547898 45.493176
604904469575229696 132.9414876335358 11.735921979596027 13.2420635 0.7311497 1.1453005274060561 67.43941
604917281461922432 132.83557756304552 11.768010696262305 13.042321 0.75326633 1.1452386369686802 66.951035
604921512005268608 132.85664429836703 11.887724113339994 15.330952 1.0428371 1.1451108119948803 33.86447
604914944999667328 132.74593915519185 11.815975991085903 13.40965 0.7435446 1.1447604074712505 66.535515
598888697861717376 132.7142022770794 11.448361820027849 16.62562 1.5093298 1.144590050732567 20.062338
604912368019294976 132.66864453603912 11.703203361474632 13.908649 0.76998043 1.1444891099800591 56.971943
604897631987335296 132.8602897050583 11.6435687214845 13.536232 0.7390928 1.1444482936268856 65.10983
604963877562742400 132.5678547779273 11.896664577949059 12.728699 0.70472527 1.1439061285204002 72.998
604704560321786368 133.06136403339744 11.518703625496727 12.675331 0.7033138 1.143756697211575 73.447876
604898009944444032 132.8982920955117 11.658938927547727 16.652458 1.4770699 1.1436050945138663 16.946924
604915395971900672 132.65341528079142 11.800210349866036 14.457218 1.0028038 1.1433256724345688 46.04722
604970783870102656 132.743675310748 11.99429276753183 14.074816 0.8246212 1.1431858133006259 52.846027
604964496038052352 132.45395869194078 11.806884487027206 15.134989 1.1845846 1.1430784815537862 42.70125
604964354309369728 132.62053652111425 11.920007814935259 17.799356 1.9343548 1.1429517856833493 10.198674
604926322368772096 133.18792427366168 11.787676558606238 16.372826 1.5052404 1.142909376125966 19.683342
604916632922617088 132.89211901247182 11.782151180709594 14.028581 0.79596233 1.1428496755807436 54.896473
604917659419033600 132.8580872508589 11.819144373157416 13.090845 0.7459774 1.1427199543664086 70.9916
604916564203137280 132.9051594687394 11.782137561557409 13.848256 0.81522465 1.1426469907698855 56.794308
604893165221336064 132.95795286086658 11.555134702144878 12.569078 0.7363367 1.1425857273235593 77.17049
604923882827217024 132.8279619457319 11.930467749019583 13.979341 0.78594303 1.1423449412242836 59.883198
598903953585548672 132.62085201174244 11.6359111528149 13.646082 0.74066925 1.1420813291546128 66.5927
604906153202364544 133.09454308843354 11.813894488068827 14.483813 0.8662548 1.1419076461708992 48.071545
604976418867174528 132.74134665055954 12.105519412847636 17.209242 1.695076 1.1418545331876582 13.928002
604921374566324992 132.83199152304246 11.869638921895687 13.745495 0.8191881 1.1417129723773067 55.780636
605001054799578240 132.7272462496178 12.167618977006166 16.82277 1.546073 1.1416986119937134 16.558369
604967996435524224 132.50005511409978 11.946678679681412 13.381305 0.7361841 1.1416691827051262 76.65713
604909000764935936 132.72110263208714 11.667283984723577 13.522219 0.74252796 1.1413474446249217 67.80758
604921271487287296 132.86787429806353 11.871523661310622 12.661663 0.747283 1.1410040755521444 73.99102
604971402345381120 132.79034360399598 11.986013756183572 13.618245 0.7491989 1.1409356378322533 65.30072
604970921309068544 132.70170447577158 11.996349383850434 15.21902 1.0431957 1.1408635570858003 33.805195
604948862356958976 132.96366632270247 12.0631994706404 17.55839 1.952589 1.1407215763328422 11.410347
604907115275046656 133.03085815325235 11.839476227075242 13.080602 0.7654743 1.1406007062193397 68.744774
604916598562881280 132.88409552060384 11.782003990516957 15.925077 1.2692881 1.1405745194728616 25.10775
604962640612163200 132.5898482026766 11.839757873374662 14.345399 0.8269949 1.1405180672621074 52.481495
604899178175495168 133.11042422672472 11.627585499681503 15.48848 1.1697035 1.1404378752939757 32.497414
604916804721291776 132.947537936037 11.786013808580423 14.115577 0.97070694 1.1401604588075593 45.25922
604917869873191424 132.89394229148368 11.8185625284514 15.193318 1.2007179 1.1401536357221718 32.237858
604894745769327232 132.83949335458755 11.552022363234785 15.33606 1.2474442 1.140031985679314 33.642895
604989372488540416 132.69592754536365 12.170191041429607 12.497732 0.8481989 1.1399150776506994 82.85118
604916701642080000 132.94334899041655 11.774074062147497 13.249134 0.73538685 1.1398841940372748 65.60613
604922027401374080 132.76169432007003 11.881922954797222 16.334093 1.3593464 1.1394810637498722 20.190006
604903576222015616 133.01366413665332 11.711260413374298 15.073325 0.9867172 1.1394345272136428 36.39362
604920687371751936 132.83380736373863 11.83978233596769 13.801401 0.76132584 1.13939745499583 56.806965
604895089366706304 132.84976910451695 11.580653764401506 13.862155 0.8866339 1.1392711511157656 55.98289
604917148318677120 132.9200212614001 11.818209499276277 13.6566 0.7513056 1.1391250114179854 62.721043
604969168962427904 132.69307431468172 11.90861761695279 13.475734 0.8123636 1.1389694984527998 69.78063
604969718719901696 132.73772546670352 11.947413963345179 14.780747 0.9177828 1.138911951245019 43.31424
604977106061961984 132.66038916287926 12.129373861086643 13.014684 0.74192905 1.1387764097927688 63.150013
604909726615246080 132.8096958733922 11.685882883389542 14.329582 0.82022 1.1387601234987006 47.611824
604910310730772992 132.87549486282987 11.730511618992649 12.992477 0.75508595 1.138710628995105 20.052097
604947865924535808 133.02522571725046 12.029340676296462 15.678186 1.1485643 1.1387100625459439 30.603369
604922164840316416 132.80135614430614 11.88213020571764 15.971505 1.5080137 1.1385067328330654 22.512245
604962365734255744 132.61239985454657 11.808684045409903 13.184756 0.7799177 1.1380132062573187 73.133446
604920275054845824 132.9720482526612 11.905413087403675 14.4128 0.86724186 1.1379834532946482 44.282787
604905053690766208 132.97035923901612 11.776606866665617 15.615606 1.3317327 1.137687286282276 27.629341
604964083721159936 132.6459317244846 11.898459398392847 16.56899 1.5172586 1.1376006567119523 20.019724
604996897271215104 132.8462328592039 12.131621748002345 14.842712 0.9270382 1.1371465730154535 40.975773
604922748956025216 132.8990278346759 11.892973386369523 12.008891 1.1517344 1.1370045521599306 65.5037
604909241283211648 132.68683503642075 11.668969385715604 16.064222 1.266778 1.1369185828078567 24.232689
604910688687928576 132.75541795747603 11.699663661408358 13.357633 0.7251568 1.1365886963493819 70.2837
605002016872204416 132.91537281002013 12.203017014233032 15.329233 1.0775299 1.1365107156660572 35.285282
604902923387005824 132.98383343429364 11.651142288915132 14.014649 0.7984829 1.1363390292197852 56.175816
604902682868787584 133.13778881672522 11.756680638614961 13.550175 0.74014187 1.1363185255240893 64.90032
604920549932808320 132.81265751758596 11.822526102605199 13.987426 0.7807102 1.136264899751253 51.879887
604921168408082304 132.84059596052379 11.861671331691054 13.88508 0.8465862 1.135786148489855 21.892105
604971367985645184 132.78309377063175 11.981478881756251 14.5729265 0.88091564 1.1357587306009553 44.56703
604923607949286912 132.90652611267652 11.945705057064833 14.259432 0.8394699 1.1356339724971882 48.947094
604970783870106624 132.73755716442255 11.987734514931494 12.96438 0.75546074 1.1353920199140781 57.091637
604950786502478720 133.07201443265944 12.11822388121908 15.056689 0.9808006 1.1353895564461713 36.90674
604918213470564992 132.90764848085288 11.849179731498772 13.323231 0.74468994 1.1352754639503018 69.65615
598902437462030336 132.674734645334 11.55728827211277 17.401415 1.8350182 1.1352121992742288 11.513827
604906428080283776 133.0351559982034 11.802907620334876 14.541533 0.8822565 1.1350684189173046 40.020294
604969134602863744 132.74003521936353 11.920736885880977 13.237873 0.7385073 1.1349054718010532 73.165375
604903468852379904 133.01477662817524 11.689962317917043 12.572901 0.7383938 1.1348171776928684 69.800964
604974082404993920 132.69243758471842 12.032824569192268 13.277014 0.7365999 1.1345570942503178 38.841423
604921374566323200 132.8339382340836 11.879991144648056 13.7203045 0.7516947 1.1344629850534564 57.653015
604920756091232256 132.8199008884277 11.844159233252451 13.021137 0.75420856 1.1340618263041007 56.969616
604916181950391936 132.87958956797854 11.7328114290413 17.032236 1.6106358 1.1340564643745386 13.196484
604912471098638720 132.68335992715086 11.713735977726866 15.465085 1.0703287 1.1339649572498915 29.216217
604910860486613632 132.77393574800624 11.729701204963089 13.871636 0.86847496 1.1338053733285154 56.71559
604921512005265664 132.86420507379762 11.890704974736725 12.605678 0.74795246 1.1336331819521603 69.07832
604975315059831168 132.60535496200546 12.07755477489859 16.909548 1.657444 1.1335659170397616 16.4651
598889900452561024 132.6817747301874 11.492399961324606 15.368779 1.053546 1.1333438379700798 34.01437
604916873440765696 132.95272345917692 11.793212046471833 14.595134 0.94522 1.1333270458433289 38.704056
604931132732290944 133.1895473306686 11.912692948589376 14.454188 0.85127926 1.1332857197357402 42.791862
604910443873993600 132.82635064638185 11.723653029684678 13.27827 0.7482071 1.133188255371952 66.736
598901754562312448 132.53753084145885 11.557221413657333 14.048451 0.7632761 1.133119926009633 55.952473
604970131035099008 132.6899512364087 11.93425324859769 16.981943 1.6282692 1.1329994670291343 15.705214
604989441208017920 132.68986180847463 12.177706325967653 14.462305 1.0001984 1.1328045243539713 44.139656
604961949121954432 132.55429308277712 11.839437991235622 15.826052 1.1671848 1.1326201498593027 11.529814
604911096708974080 132.74850835612648 11.735563638581532 14.423698 0.99103165 1.1325352100806463 38.618885
605001329677769088 132.80217308542797 12.188140147110735 14.222943 0.8348274 1.1324341918394667 53.218834
604920962249663360 132.8151086611252 11.848939492176996 12.771166 1.0141916 1.1324125709174995 72.62873
604902923387008000 132.97448114015353 11.651336868034583 14.349534 0.8319626 1.1323369344201926 48.25382
604910379450263168 132.8409452969852 11.721588315349422 14.33254 0.83200836 1.1321132925613555 46.722546
604921855602675968 132.78005588537422 11.883864558840845 12.407134 0.89402103 1.1320137760582378 60.61174
604943433520098432 133.0899698867872 11.95735423763961 15.275958 1.031457 1.1318515780002567 30.356453
604917388836866560 132.87066872744356 11.79526051009603 15.419273 1.2222929 1.1317626512764454 25.707237
605000951720348288 132.78947695115554 12.171852334898034 12.890717 0.7616272 1.1317613850018318 61.91915
598902888433673984 132.57931551440046 11.53826966989022 16.207754 1.306529 1.1315310929740943 23.43178
604914949295475712 132.7458843388498 11.808088641823153 15.859119 1.2331905 1.1312888468455418 23.984537
604962984209526400 132.69326261010053 11.871317607852488 14.771352 1.0262184 1.1312376711239103 42.007008
604933125596954240 133.19759137452365 11.969061822308982 14.777056 0.9155779 1.131091271751489 37.4934
604975796096306432 132.70254766416016 12.06147185251276 13.497531 0.72711277 1.1304067764095382 64.93936
604920923594172672 132.81010485552775 11.84452229275972 13.237622 0.74976254 1.1303945339284969 66.43232
604915773929008384 132.7213819532105 11.829580808910784 15.156463 0.9940376 1.129779451339704 33.839268
604970990028536320 132.72505431773607 12.01026187724462 15.073603 0.9965811 1.12976734825351 36.964443
604911509025877248 132.77006290559672 11.765787924725634 13.367362 0.77942467 1.1297534408615237 63.92731
604914949295282816 132.75330618262134 11.814653311082745 14.453478 0.85626507 1.1296682844559027 46.70562
604919789722799232 132.91265988900622 11.88477378005925 15.21375 1.1886148 1.1295988550596074 33.125988
604895158086185856 132.8285289440775 11.588236796633808 15.8911495 1.2004805 1.1292708563594203 25.13124
